START
[[ 0.99789511  0.0122757  -0.06367615 -0.11642388]
 [-0.06399342  0.02746575 -0.99757229 -0.67249229]
 [-0.01049699  0.99954737  0.0281935   0.22991059]
 [ 0.          0.          0.          1.        ]]

MOVE UP TO CLEAR BOX
[[ 0.99789687  0.01230362 -0.06364316 -0.11641839]
 [-0.06395993  0.02734259 -0.99757782 -0.67247711]
 [-0.01053365  0.9995504   0.02807202  0.30400521]
 [ 0.          0.          0.          1.        ]]

ROTATE WRIST
[[ 0.00985458 -0.99920799 -0.03855229 -0.11642281]
 [-0.04629767  0.03805689 -0.99820248 -0.67245742]
 [ 0.99887908  0.01162175 -0.04588596  0.30405318]
 [ 0.          0.          0.          1.        ]]

MOVE UP TO PUT IN POSITION
[[ 0.00977942 -0.999209   -0.03854528 -0.1163872 ]
[-0.5803814   0.02571804 -0.81393858 -0.67247468]
[ 0.81428606  0.03033081 -0.57967081  0.30402206]
[ 0.          0.          0.          1.        ]]

SET GRIPPER ANGLES (120, 216)

MOVE DOWN SO TOP GRIPPER IS TOUCHING, ROTATION REAMINS THE SAME
[[ 0.0097527  -0.99920752 -0.03859033 -0.11711042]
 [-0.58035142  0.02577135 -0.81395827 -0.67245884]
 [ 0.81430775  0.03033424 -0.57964017  0.17557186]
 [ 0.          0.          0.          1.        ]]

SET GRIPPER ANGLES (120, 195)

NO CHANGE, THOUGH BOTH GRIPPERS ARE TOUCHING

BOX TIPPED OVER, MOVE BACK, IDEALLY CLOSE LOWER GRIPPER SIMULATANEOUSLY
[[ 0.00979869 -0.9992074  -0.03858175 -0.11875775]
 [-0.58032148  0.02573881 -0.81398065 -0.59311676]
 [ 0.81432854  0.03036577 -0.57960931  0.1756014 ]
 [ 0.          0.          0.          1.        ]]

SHIFT ROBOT DOWN TO GET A BETTER GRIP
[[ 0.01682541 -0.99877234 -0.04659097 -0.11879721]
 [-0.57637935  0.02838736 -0.81668905 -0.59182293]
 [ 0.81700903  0.0405952  -0.57519412  0.15571098]
 [ 0.          0.          0.          1.        ]]

CLOSE GRIPPER

MOVE THE ROBOT UP AND BACK TO PICK UP BOX
[[ 0.01684079 -0.99877571 -0.046513   -0.11875802]
 [-0.57646161  0.02831067 -0.81663365 -0.4122375 ]
 [ 0.81695067  0.04056571 -0.57527909  0.31449564]
 [ 0.          0.          0.          1.        ]]